fold,population,householdsize,racepctblack,racePctWhite,racePctAsian,racePctHisp,agePct12t21,agePct12t29,agePct16t24,agePct65up,numbUrban,pctUrban,medIncome,pctWWage,pctWFarmSelf,pctWInvInc,pctWSocSec,pctWPubAsst,pctWRetire,medFamInc,perCapInc,whitePerCap,blackPerCap,indianPerCap,AsianPerCap,OtherPerCap,HispPerCap,NumUnderPov,PctPopUnderPov,PctLess9thGrade,PctNotHSGrad,PctBSorMore,PctUnemployed,PctEmploy,PctEmplManu,PctEmplProfServ,PctOccupManu,PctOccupMgmtProf,MalePctDivorce,MalePctNevMarr,FemalePctDiv,TotalPctDiv,PersPerFam,PctFam2Par,PctKids2Par,PctYoungKids2Par,PctTeen2Par,PctWorkMomYoungKids,PctWorkMom,NumKidsBornNeverMar,PctKidsBornNeverMar,NumImmig,PctImmigRecent,PctImmigRec5,PctImmigRec8,PctImmigRec10,PctRecentImmig,PctRecImmig5,PctRecImmig8,PctRecImmig10,PctSpeakEnglOnly,PctNotSpeakEnglWell,PctLargHouseFam,PctLargHouseOccup,PersPerOccupHous,PersPerOwnOccHous,PersPerRentOccHous,PctPersOwnOccup,PctPersDenseHous,PctHousLess3BR,MedNumBR,HousVacant,PctHousOccup,PctHousOwnOcc,PctVacantBoarded,PctVacMore6Mos,MedYrHousBuilt,PctHousNoPhone,PctWOFullPlumb,OwnOccLowQuart,OwnOccMedVal,OwnOccHiQuart,OwnOccQrange,RentLowQ,RentMedian,RentHighQ,RentQrange,MedRent,MedRentPctHousInc,MedOwnCostPctInc,MedOwnCostPctIncNoMtg,NumInShelters,NumStreet,PctForeignBorn,PctBornSameState,PctSameHouse85,PctSameCity85,PctSameState85,LandArea,PopDens,PctUsePubTrans,LemasPctOfficDrugUn,murders,murdPerPop,rapes,rapesPerPop,robberies,robbbPerPop,assaults,assaultPerPop,burglaries,burglPerPop,larcenies,larcPerPop,autoTheft,autoTheftPerPop,arsons,arsonsPerPop,ViolentCrimesPerPop,nonViolPerPop
1.0,-0.04433760253238788,0.015973215141884718,-0.040063855311260485,0.022972686690051054,0.004438606890375512,0.03562021335645576,-0.015715032949192683,-0.023793624605900624,-0.022966032922624634,-0.005097006638946822,-0.04446062399831736,0.0011977925664803414,0.029295022449043372,0.01132435656776344,0.008085067414266078,0.009007997845531595,-0.006205047832462447,-0.015449669026594027,-0.0020426000398142178,0.03108014313512575,0.01725587781107203,0.013720099826213028,-0.013918219430323103,-0.02807714033442941,0.03506666682185475,0.01168930332179289,0.029496696904178644,-0.04951796248190754,-0.025349363548923528,0.007274755800523063,-0.0008467176760883555,-0.003915651040790482,0.0158812077908115,-0.0002735925947971323,0.014106608967691574,-0.03236288755086518,-0.015999619735064738,-0.000417816666682208,-0.016177159177612598,-0.029114123524172638,-0.01776009402181956,-0.018400630577958085,0.02202812072464624,0.043658092002469916,0.035016080352358314,0.03994509786011006,0.04916835491672093,-0.050389029832003954,-0.043431563481112684,-0.047403222128688444,-0.03905435303470272,-0.04167679093294893,-0.03469907379301427,-0.024315023880974597,-0.0298541068847495,-0.022686231630224235,0.010669733352989335,0.01516858614921619,0.012462133452489308,0.014863283510753254,-0.034604147031445376,0.035929143436299306,0.010625243843144441,0.014622408798994234,0.03033446177683098,0.028539638105383357,0.011317264522534086,0.032772533926057064,0.01360893370521881,-0.023255526428826546,0.02039482442864625,-0.038453062376713476,-0.04030737469219645,0.033347140655183065,-0.043252684051754045,-0.0018820642218429107,0.04291763223842222,-0.022130787015943596,-0.01886284657581592,0.020241201627312848,0.019607767603583178,0.020818677402575262,0.018211702699498004,0.02093288535820757,0.025202214594383935,0.03254379589415193,0.04070672594600107,0.026704643426091624,0.013513061541232788,0.03849224580975206,0.005828022204751716,-0.04303907718369786,-0.03957287166973129,0.032970814428417164,-0.009527330010695164,0.02200475011138707,0.014269901818068528,0.02289718293620038,0.008614994475747881,-0.032607404180419346,-0.017758470060613398,-0.003911275621983856,-0.049479966217976394,-0.029179410737316717,-0.05262018218372499,-0.006191014361209551,-0.04628590594915702,-0.03603335373336753,-0.04441420377293353,-0.019807041498199573,-0.047017808124606666,-0.023987721932072978,-0.04267728896088127,-0.02657035981246139,-0.050421329890800316,-0.028003887580910186,-0.06071091631366058,-0.04942256728366861,-0.03427423663652189,-0.027070124637683046
-0.04433760253238788,1.0,-0.018840812652175614,0.13564114996322924,-0.18468452672061664,0.08836034950825848,0.0940484118062298,-0.007623588695068869,0.04624733108745834,0.017699948000354456,-0.043819095525363276,0.9990516904934446,0.11429851923391919,-0.053239464916955664,-0.012734866246293114,-0.06717737785542859,-0.08592952064819374,-0.054247642326676414,0.10793509438719959,-0.059352766337502,-0.05735320607313062,-0.02576408955968855,0.028768040276926782,-0.02621400884711821,-0.009691040385739919,-0.03631996386922957,-0.02526950042303152,-0.05101214082331178,0.9860540983053863,0.09537703914985657,0.043182514798952576,0.055648767485437935,-0.005841727468999083,0.09256276198285003,-0.022463427116526366,-0.0576924568404706,0.011119726582425622,-0.010038776539143144,-0.0089711193502987,0.10374947995037415,0.13093795561207996,0.1264844090473352,0.11745052721029234,0.06447788849893023,-0.15081872316763065,-0.15628233597302918,-0.12441635076101527,-0.14752404545672684,-0.05629231759688025,-0.0848531589534001,0.96383826919072,0.202928969610148,0.9294226755966102,0.060993667210045864,0.07618583408377003,0.0932990175003759,0.10956195502688376,0.14603198402006762,0.14904741397128962,0.15497799107829172,0.15715539639591683,-0.11949139936964522,0.12502007195544518,0.11483259934313106,0.07286281523619706,-0.0105845383617016,0.009548442634301471,0.02645055630091661,-0.15829032227152645,0.12089780679158217,0.13938190385980356,-0.11519900571922702,0.9162774069622442,-0.0325486092237484,-0.16100159907948433,0.16256271908281755,-0.02262400069492523,-0.05905246671500066,0.04585755995515777,0.08493381368824235,0.008126114866653609,0.01649409917048788,0.03161652112933022,0.06620993133682164,-0.005706611948866922,-0.0029174694953957624,0.010351794652078005,0.033865808265785405,-0.010360645125625727,0.061712859615572505,0.044284634047077054,1.805480785968258e-05,0.9236566241329722,0.8974327802282184,0.13812494308526438,-0.06919200600273069,-0.03173680607420969,0.025557164815724936,-0.025245174176980564,0.21480728423826584,0.22269467118688197,0.3280188757557929,0.19620932852535863,0.9592943823818028,0.24168196972404082,0.9198633846744652,0.11129154660411193,0.9680756004730923,0.31586866368470107,0.9537985078960134,0.1360453516283276,0.9705692441745567,0.11909434641527164,0.9660019986793251,0.0663893896891965,0.980754161601194,0.24490204335595422,0.9033538493216611,0.15855777779563568,0.21235380883345473,0.12340077476146613
0.015973215141884718,-0.018840812652175614,1.0,-0.047455242262795946,-0.2301165029050905,0.18677918051510398,0.48517760527157544,0.4914811375243179,0.38432163653837403,0.31788877689699757,-0.5780921608896246,-0.019221055967992697,-0.011467620302549535,0.17944523139705632,0.4161974436098522,0.16210953431863795,-0.15851422070180274,-0.43895890470693105,0.11372290529671135,-0.3279368521869506,0.09298462377859465,-0.12340919055007386,-0.12187510849175086,0.03333161179519304,-0.001807646910003509,-0.059006693537552585,0.013453222217511732,-0.07324070228202774,-0.011238790915651312,0.07969229719066409,0.22504344027425485,0.11617314792265467,-0.029001355390404493,0.1500746672444529,0.09282433616599757,0.02612041068540605,-0.0634484501863999,0.07820719559205574,-0.08434309300717506,-0.4170752108181805,0.20295298473817297,-0.32558009430147067,-0.3833407826433441,0.8242692724255587,0.2454768679120535,0.17573321642398473,0.16713366074074645,0.2345210493527898,-0.20315246995984165,-0.2469329050405598,-0.012181569383614227,0.041882631195359704,0.023435014060635626,0.05082172738223289,0.06987796843322817,0.08161216742165502,0.11008459460418232,0.291076427966709,0.31191100933661997,0.31773594651004566,0.32932504785077477,-0.4317605968570969,0.43796828371441743,0.6664876882883467,0.7283835285643214,0.8721161706214953,0.8033450703477081,0.7199007202570301,0.10081747331861021,0.535286326182422,-0.29303737647254063,0.18149418244938406,-0.07811128015816485,0.2080485954626886,0.1568160472816204,0.0553930190512876,-0.030960620616009755,0.24285643263253343,0.009007918275309139,0.16634314911673087,0.10997913526345755,0.09874102392384407,0.08508058418880697,0.027954768505590328,0.13649909773603264,0.1534754654587973,0.167108021566913,0.15994610716830585,0.16591152259334688,0.13373007280332122,0.24399893057275723,-0.09917268403796634,-0.03181506714567587,-0.01176356104613145,0.32286436917664374,-0.05839148459355798,-0.08954305188984307,-0.1434948569830232,-0.05169045342435521,-0.004749182456837605,0.023450424208738125,-0.04823240770718103,-0.08214046440401873,-0.011309174303886664,0.01944306698643552,-0.05432899833128187,-0.13139788088159154,-0.011447026421004954,-0.012710550370083845,-0.015257308472639635,-0.014229105042301396,-0.03403409556697927,-0.10234714565956952,-0.048819038692055276,-0.2379222539891914,-0.0117372752520585,0.022455607415006826,-0.01315956500804507,-0.015553158674801502,-0.02011017679888281,-0.1939633315805533
-0.040063855311260485,0.13564114996322924,-0.047455242262795946,1.0,-0.8206052653383291,-0.08930025189384579,-0.06391130169488615,0.09705327669148617,0.11999376145185553,0.08968842933405492,0.03750277484752836,0.135201597383319,0.01587922324661845,-0.34864409499503274,-0.2408129886429262,-0.15458587739755622,-0.5048657237280267,0.11161434196147325,0.48431422408778585,-0.05180681738165976,-0.35037981235704263,-0.2721969186662916,-0.11729631271634933,-0.18800207604367242,-0.036098274349110296,-0.10772833424090864,-0.09467748549145885,-0.1413247115613066,0.17706549488678539,0.4971490192515662,0.24487292028429244,0.367292980836913,-0.1884918405597721,0.44159811440382307,-0.2987788033495324,-0.022614235293142205,0.09678023599841441,0.2378052689772826,-0.20578267941642397,0.42332400302953044,0.2798155766577022,0.4497798299601592,0.4535869441295079,0.06504224073076187,-0.7098763075730176,-0.7404828221632491,-0.6682000009154527,-0.7038634958418717,0.11908782917544761,0.027547077888427033,0.20024926292898482,0.8149091419387061,0.052760019119545074,0.14969076025043068,0.17341653799778803,0.20010839705435662,0.2220809893838581,-0.0367738600074409,-0.028552318489844204,-0.02494486746116326,-0.020197897363644655,0.0872424430214644,-0.04339575516667195,0.18156839821818962,0.10496137495327507,-0.08980093287650794,-0.13859942383707058,0.12428929603160985,-0.38055203198772064,0.13030174762487864,0.2346157607520277,-0.15567750673286676,0.19031843894419212,-0.2044976625378872,-0.34584860631608816,0.5216097325408403,0.19070799335658972,-0.11377817841339888,0.48641752550580664,0.26582364089063987,-0.26217956106021845,-0.24712746806346764,-0.23225109437234176,-0.1411612429885806,-0.308644145896187,-0.29252234708628183,-0.28255037253860027,-0.1387488589956248,-0.2658986280245426,0.23527567240704683,-0.044773561151288055,0.23848396962626783,0.12067605525664622,0.06577663235514414,-0.08651838348320674,0.07166277731578252,-0.03395262738812485,0.0790388058905138,0.0022283674696689086,0.04454411437291457,0.1082295503879433,0.18892625578961755,0.25044351303931134,0.1975410479926381,0.6516877833464493,0.2202246039999865,0.4278654638817149,0.14224063545372814,0.6450291628909743,0.17345099367286804,0.5475552494789904,0.2107254175458037,0.5485553439146305,0.18340705435864355,0.3627781321990989,0.15870491597443853,0.40925815067134985,0.15584405438028984,0.2845393162614721,0.628367756394975,0.4848530283856773
0.022972686690051054,-0.18468452672061664,-0.2301165029050905,-0.8206052653383291,1.0,-0.2764740728891286,-0.4084893403372622,-0.14225151240884637,-0.20828646287788766,-0.12426275652244867,0.11438106233665096,-0.18519201770509644,-0.05950465586809128,0.30569784201484645,0.14587574796299752,0.1037655823702709,0.5996966655970699,0.042235793661130235,-0.598153537598801,0.19105121926461568,0.3373878334356011,0.29185188828591224,0.12771912535847527,0.12926479333549645,0.03232050359730518,0.13627741309909264,0.10338849737925437,0.19506445981430742,-0.21487358775842635,-0.5470476594362624,-0.45849727714863625,-0.49435020358640214,0.21738801891162365,-0.5395876182846852,0.2829025576903295,0.050355466485686964,0.00831229386125076,-0.27071349816296253,0.2575047833553642,-0.3670716850724752,-0.35453022207497764,-0.46532716731318136,-0.4304320268692051,-0.39194123384967094,0.6538150416007619,0.713002015397462,0.6145036333342189,0.6352830144478294,0.03857953999258704,0.1791385454383034,-0.2197006008643776,-0.8045945028519036,-0.13240313297448905,-0.2160263809188305,-0.2754105443796614,-0.33158750628178013,-0.3894150497762897,-0.384788177799534,-0.4073667458387692,-0.4232972516435058,-0.434150350833926,0.3967160414779145,-0.4239111027310902,-0.5551913742774398,-0.4755347322837213,-0.21445269817855833,-0.12096937318342539,-0.46942065999986654,0.5143284147872768,-0.5881176394715252,-0.3665023814303416,0.29263467596624787,-0.2127356050212227,0.15342290664325117,0.4498332996490139,-0.4879070301633077,-0.03329182658122067,0.0475807747351964,-0.49683037783774125,-0.38368254501078275,0.08546212155884349,0.07141596081028276,0.06241233665372784,0.01234895274561971,0.13707965780229303,0.13251150656836336,0.12584497467754158,0.06245231271263901,0.1263336113172641,-0.3582203359539787,-0.1812533515431147,-0.09486490240563401,-0.15207593982381928,-0.10435406374728526,-0.3650775563846565,0.13143020720182746,0.15369546250345634,-0.036442905287023555,0.04047705303363989,-0.05271897128531508,-0.32043811560950025,-0.242761814589003,-0.26275470846817256,-0.22144367648997265,-0.6660036146206999,-0.2473819304072607,-0.3849147456489785,-0.1716063158790775,-0.7110440902522981,-0.2080588689550721,-0.5679468958675845,-0.2506658502995447,-0.5657840754795045,-0.22530320487219632,-0.32153579409533667,-0.20665500260718633,-0.557295974601642,-0.2001873601197249,-0.3408514673058024,-0.6768488230067036,-0.48703278412481216
0.004438606890375512,0.08836034950825848,0.18677918051510398,-0.08930025189384579,-0.2764740728891286,1.0,0.19843928885236278,-0.008609386246580234,0.07034176874608819,0.03718098889348248,-0.20577351041009512,0.0958359644286502,0.22515036861369497,0.3111559565352828,0.2537478339675716,-0.07483892962353,0.13278886357467407,-0.3002076645026751,-0.047651832497037944,-0.16027013962572947,0.29457583408301136,0.2509619305875078,0.288357154250392,0.19212536540494,0.06210432712377676,0.06090820893174677,0.12148985572828354,0.16098069058004597,0.05032995855451981,-0.1419991947055292,-0.10968989945655439,-0.182691685565349,0.2628807356779296,-0.13330506968940622,0.19549794662249148,-0.08682526111601872,0.012109163141205696,-0.23539482810848386,0.2372135074977943,-0.11622488828635089,0.15670654174359974,-0.037748850876196345,-0.08049239647692155,0.1974312526429843,0.13219530699833193,0.11024870900220216,0.16512415904741112,0.10514548302244599,-0.10601228613062963,-0.130412701944362,0.0388867318626264,-0.05056564095523443,0.12017173813815847,0.15019643359579513,0.1866570278197585,0.2471385072193886,0.2770275964128524,0.5813159869825951,0.5811379321257614,0.6204016824900729,0.6158801626042311,-0.41563200705175346,0.32528297206011614,0.21495748444332277,0.20537308918429625,0.20837085636444547,0.1926030267805553,0.2319647394229321,-0.09566460980027088,0.2983419976988722,0.049761907827274035,-0.0733071237210674,0.03422358127822498,0.17728771285103856,-0.07875442375005504,-0.1132715737267483,-0.3237360678247894,0.07171843408052314,-0.24886671793607468,-0.056157612626131274,0.5144990118927362,0.5109301885473178,0.5035304654423429,0.39796534298171893,0.5009982358471526,0.4808850366977678,0.46888355784606717,0.24917415564866638,0.45166811752627345,0.1387145883059688,0.346529901353058,-0.2057428178580495,0.0663607316216768,0.06902329091926095,0.6001985155177473,-0.3535957049738495,-0.15252271076299387,-0.14339244822824262,-0.1601876798148554,0.00219655741411656,0.29499769960900224,0.23005711634322384,0.06110975788360149,0.04632087226319331,0.006693487582472512,0.05390237525468233,-0.09278608143020388,0.05665638106959113,0.13225535679558598,0.0554906297238527,-0.033155356521936144,0.0681738941685078,-0.012846243160500287,0.07108577553702333,-0.09496207901841686,0.07853040031012466,0.1835563533717602,0.0638721216381137,0.04391146987358935,0.03194947659379582,-0.03722328386860914
0.03562021335645576,0.0940484118062298,0.48517760527157544,-0.06391130169488615,-0.4084893403372622,0.19843928885236278,1.0,0.10999188247207366,0.15716411966977514,0.05408445990466327,-0.18211000108517605,0.09413790656041139,0.02767858194508865,-0.1518811895667406,-0.0015340971084626123,0.07820120758391852,-0.41215720365451397,-0.1187798135770332,0.39980425864461105,-0.23233669446389224,-0.20963394195305127,-0.2285737130866764,-0.19392431056728893,-0.01811208390738968,-0.009102668798690629,-0.09544459596404144,-0.09356794630415861,-0.21051144791416035,0.10750215972328081,0.33289612046515715,0.635955498404498,0.49389545214933817,-0.24577903507891338,0.41678751834734845,-0.16189306269116036,-0.048613617971461784,-0.21131469507329495,0.22645480838400434,-0.2735428065343841,0.031216273281827422,0.14361163094847976,0.151895055445422,0.09302898651996179,0.6370394032944761,-0.1256536588045132,-0.19487186443129642,-0.12734927982641672,-0.09421846097838825,-0.27193938047281685,-0.39480100072346364,0.07355845897984757,0.2115644205848728,0.12772654988902954,0.0687096743346045,0.12731015310024116,0.16345340583292367,0.2332858039576066,0.6094393139669924,0.6406429085126651,0.6482962185781205,0.6705137879847861,-0.9102578920263078,0.8918703952012564,0.7536848460524315,0.7337560754388776,0.5385203379378163,0.44965467426156047,0.6556457238920192,-0.3124909507318415,0.8642496427302635,0.3244854041217292,-0.3029365918291741,0.08367643983870626,-0.0736577585733533,-0.25105640163250537,0.15101495271694135,-0.1229688108263414,0.07690300660819874,0.3013620895445775,0.42346944200027065,0.054679407281359206,0.059587554501733135,0.05673113732655507,0.05044219382537948,0.029781515833603524,0.024226146432406143,0.03215596658129366,0.024830804806455175,0.0034649017457556637,0.2524127545517982,0.3206665936807859,-0.08756484276016059,0.059974329174604,0.0626581332420478,0.6885790504919784,-0.2475173925493742,-0.12539000660626598,0.036008958647078766,-0.004165900210325071,0.0013423271689716586,0.3630776256043276,0.08590420045977304,0.07904398316036208,0.0780686015914352,0.1799577760947902,0.07934419491131235,0.03232733320995277,0.07106761273549268,0.2540504331969534,0.0913883093809739,0.20679232895509525,0.10958881987657526,0.21246377651404144,0.1087807543480963,0.0654877165774565,0.10484859583808435,0.34892770928500827,0.09925142869133778,0.1534470728326637,0.2535964145854004,0.17443806149126767
-0.015715032949192683,-0.007623588695068869,0.4914811375243179,0.09705327669148617,-0.14225151240884637,-0.008609386246580234,0.10999188247207366,1.0,0.8723377946670136,0.9349324816823263,-0.36025009329976737,-0.01701602222481271,-0.22533873116130676,-0.27055656146391105,0.10483064285164134,0.21582137405031934,-0.2065513408478613,-0.23217903554219457,0.1607532880685417,-0.2765832490920512,-0.22112809490103996,-0.33262870056696825,-0.3187075603330529,-0.18512622007750854,-0.10779695240317576,-0.21444900454865037,-0.13017999333871502,-0.2612311962605435,0.02040619339461183,0.4983138758310859,0.12869063450363644,0.06869102738798827,0.08735787380959655,0.22930570906514625,-0.2040927357087546,-0.14127948588484904,0.4177067161147123,0.05542569713862602,-0.06943480816471131,-0.22289126400527767,0.6628100435278542,-0.17069798160381883,-0.19916042987354773,0.19581691791761136,-0.13289942669852206,-0.13288837428953876,-0.14430685462288143,-0.12433216310138273,-0.01438719354458009,-0.02885251433134776,0.0007123037137749528,0.1565321979825073,-0.009573544913567426,0.4098878891491089,0.39569485613267574,0.3664230393378598,0.32747101411810436,0.08566420297839206,0.06699478704839656,0.04820975121495826,0.033756681793897236,-0.041638041144825756,0.058336394841599255,0.1975663645879142,0.2059312201916348,0.1508050630899598,0.161525661403482,0.2078910344778544,-0.2968027175623833,0.1708578420436886,0.06429617727520119,-0.10881267270934807,-0.02492300143089325,0.041713620010032544,-0.2875502679456143,0.08308135111752585,0.03059548499386921,0.06762724371414927,0.21300382766847706,0.12547124237811413,-0.2094040529433402,-0.20451845559577053,-0.2000673677839019,-0.14963555121179797,-0.254886706903859,-0.25465622204845895,-0.23568898534162144,-0.12008193748208924,-0.2670559792809776,0.3207521072131252,-0.14722164556792414,-0.1037961961929768,-0.009681660688174894,-0.012600570432786081,-0.05106026355819758,0.04073204973401853,-0.38936763427459703,-0.4427321728403779,-0.19668605256951233,0.0037014540499535893,-0.06563318061831828,-0.12723444874933038,-0.0032956161127179937,-0.002611480513195822,0.05095569542886321,-0.0010571310154826512,0.07846792519596539,-0.007778757762578704,-0.006237552288120002,-0.0021036814485775337,0.05430937421046213,-0.003297583440779535,0.03890322036541694,-0.002762109716404774,0.04789640328602694,-0.009794215860034764,-0.05883492547459081,-0.0015114028515847908,0.025916679402597308,0.023535102593931132,0.029799705093399343
-0.023793624605900624,0.04624733108745834,0.38432163653837403,0.11999376145185553,-0.20828646287788766,0.07034176874608819,0.15716411966977514,0.8723377946670136,1.0,0.9462451112181128,-0.4767032075536577,0.040621879210731085,-0.10108253011175101,-0.3298343201372325,0.2356421554632349,0.11446126074168916,-0.29123777360685404,-0.389107570470334,0.1511143236902908,-0.3938963559806032,-0.2797968537007991,-0.3748410534781528,-0.35108530957938233,-0.18826408750927703,-0.10717775242785585,-0.2829605651749999,-0.13364041868454207,-0.2983466529290571,0.06142715891921818,0.46843746236306427,0.11262781692785154,0.06510556676656015,0.05543304413184581,0.1969227257772442,-0.03444956198396815,-0.12994224284810316,0.31357623037771193,0.061713051277428536,-0.12420993784989333,-0.05782051525167668,0.8071179642714306,0.006972921799092224,-0.028842800418354964,0.15609733312528218,-0.22776776181357888,-0.2167128788886596,-0.18469747356215208,-0.22773426639388905,0.06502067744809566,0.03664058393862118,0.03736519653643185,0.2494890229195722,0.027484250410304042,0.49167275316057585,0.5048540546790777,0.49560940808423815,0.4704709854075104,0.22809147994218315,0.21231160401151736,0.19267340359613566,0.17527830487069698,-0.11506245487930102,0.13943341123564548,0.2056206424549773,0.183307089793698,0.055879258679637105,0.11015440383960405,0.17331678728896552,-0.5450682907964254,0.24522209045913246,0.30378326192744853,-0.2939243767081738,0.03304500054501857,0.0383921138384345,-0.5550983342371192,0.06996810314583259,-0.12741775161282465,0.07115006737906306,0.17783724656396002,0.10567265240903216,-0.17246331613690155,-0.17234180178087025,-0.1746901435112762,-0.14835029379846754,-0.15445104030780588,-0.18213516831267879,-0.1762083597596969,-0.15086277138562074,-0.21015003924715345,0.3138131002757716,-0.02543990150657156,-0.07792719627741303,0.02975532835694303,0.014047536986545251,0.06277646864647032,-0.05199527771312218,-0.5656952015536381,-0.5567417740091694,-0.3265037093313432,0.019075237906685687,0.09305492938905788,-0.016656476514476676,0.08131061204208379,0.033083318729347305,0.09448630359762258,0.07047457685945692,0.14870765231284902,0.024796736966693496,0.09734287514922169,0.03991932369826002,0.09726299175916375,0.05418024378189991,0.08989317012167494,0.061803752037176356,0.10989717871765448,0.0368145849467255,0.06927454449386922,0.04441244566595688,0.07177620360455231,0.10590876548358785,0.1126026739241778
-0.022966032922624634,0.017699948000354456,0.31788877689699757,0.08968842933405492,-0.12426275652244867,0.03718098889348248,0.05408445990466327,0.9349324816823263,0.9462451112181128,1.0,-0.2848373726862413,0.010602759963914993,-0.14876238314723367,-0.29487662516203506,0.09094403783009637,0.13082438622677137,-0.15337867280488515,-0.20912886329302008,0.10321597714846809,-0.2426585386688439,-0.21637636585985914,-0.2905185950605708,-0.2746466375263675,-0.17936783262132844,-0.10326012661081267,-0.22257012124375158,-0.1252719065249714,-0.24343061392544801,0.03767072965362463,0.47249996117655324,0.07017104305902945,0.020662943886555835,0.1472711450399358,0.16235345043415872,-0.175983715191399,-0.18491361171621734,0.45803672342666096,-0.010160824711307078,-0.02703382424109189,-0.15405001335911492,0.8083578954925364,-0.11550461149835713,-0.13866196345703036,0.00793988699028788,-0.19140909307111414,-0.17615404252179762,-0.1561721103175803,-0.1903266736229687,0.034412440644799216,0.029838272338729346,0.015960275043192106,0.18007430909981959,0.007987922085957166,0.4862737734617773,0.4808851899559226,0.4526696659430259,0.40589872203398625,0.16230719084455267,0.13875334723602556,0.11605410796625885,0.09474820536503338,-0.03298502712843311,0.04670336630785783,0.08436635289918983,0.06945565100515037,-0.058828592850507795,-0.016261515207110163,0.051490065467821186,-0.4464843824755343,0.1279932751098603,0.2449637151278104,-0.2561820699883865,0.00829219650789395,0.01595769233034549,-0.4563320798947383,0.034069069423322516,-0.058423664478768046,-0.002380689314332694,0.14471512050814947,0.06625588929881253,-0.14236568210144124,-0.13701258305117864,-0.13119599576069654,-0.08952036708121201,-0.17677098816623135,-0.1811679637068568,-0.16426300732210364,-0.08516573090147249,-0.20733749587936892,0.36509727134952075,-0.0935110034539,-0.07227109402674152,0.014115099133233623,0.0028611046311052216,0.0033870562304040967,-0.031084278749384957,-0.4685820851948486,-0.5305918985847347,-0.28332191491550035,0.005941724476773241,0.03183642796701604,-0.03265808609685518,0.047660663983021746,0.011930467991461285,0.04660740739350891,0.03178807562206181,0.09688735220969129,0.008035210931715107,0.03982305071086402,0.016194148109136008,0.05184740855848027,0.022505316031985464,0.05413473030381601,0.028302902438786262,0.08428566194672252,0.011232177871312827,-0.0031641773621781505,0.01717115925456779,0.026772584299138275,0.0452519146971177,0.07121991309245539
-0.005097006638946822,-0.043819095525363276,-0.5780921608896246,0.03750277484752836,0.11438106233665096,-0.20577351041009512,-0.18211000108517605,-0.36025009329976737,-0.4767032075536577,-0.2848373726862413,1.0,-0.046527798596252654,-0.10607703178447118,-0.2633166248806241,-0.8336385828137596,-0.12482443879329384,0.08154271098028784,0.9347030682593435,0.12055618453805274,0.6785984962697107,-0.20424498671190386,-0.00946434233478104,-0.007684087651993902,-0.12139419487461552,-0.03572867479268802,0.06684772189602232,-0.07692562028193166,-0.019635765689071254,-0.028106950310693317,0.08904128553826358,0.16587483178912532,0.258158584598351,-0.19881500122873383,0.10724444785842625,-0.6228588491067082,-0.031048555514963896,0.07513783920735845,0.10756987655835157,-0.11306303177115064,0.15850167503961446,-0.2260499970115392,0.05090236536708644,0.11114906481629117,-0.547636248845793,-0.23324524504333272,-0.2216457280885135,-0.20996612538832704,-0.18606815811336355,-0.02260655654624888,-0.005510081078156533,-0.020404483695457925,-0.004000138813734447,-0.031123349101042808,-0.16380535876553065,-0.18456472989004502,-0.22045763838541768,-0.24186793445136096,-0.16674115698134898,-0.16956561052066296,-0.17424322228708686,-0.17267455069577836,0.12656085736473813,-0.1360514669788343,-0.27053311361769605,-0.2998600778657305,-0.5621387560024173,-0.6347812943980077,-0.3631518198179207,0.033708718966856295,-0.21649422436663487,0.27375391099422536,-0.16925310759658796,0.005675461907246237,-0.307796058843372,0.04784080664615633,0.007582943176626243,0.24247735288260996,-0.3837662093203508,0.13982842121709146,0.031420663164679286,-0.11744047908167278,-0.10887040780465453,-0.09463900331124266,-0.039439441876411824,-0.24138088268976346,-0.20107383733215217,-0.18705941473765547,-0.029187579111324177,-0.19670241128391885,0.09900248007129318,-0.16829439704844315,0.18063501343105165,-0.012368540777598743,-0.010418850755563406,-0.10007442686234762,0.07426114792659104,0.3649120290695489,0.3316941994522478,0.20765739864506919,-0.05458166006903837,0.010531777918254267,0.0018269373717029569,-0.0002480999421216682,-0.025012549412822188,0.02038702123178557,-0.053050616034383824,0.03281867319819089,-0.016933661800117756,0.02270043778061992,-0.02634061888268404,0.07259114698069313,-0.035630832099273355,0.12439107637145075,-0.04081690719546162,0.14554686870329264,-0.03128166222880703,0.002408605788998878,-0.038341228344585296,-0.017989065894776633,0.055637063915742,0.14160801754453703
-0.04446062399831736,0.9990516904934446,-0.019221055967992697,0.135201597383319,-0.18519201770509644,0.0958359644286502,0.09413790656041139,-0.01701602222481271,0.040621879210731085,0.010602759963914993,-0.046527798596252654,1.0,0.15250931829614425,-0.03983941387859622,-0.003689959369827042,-0.07936340334418152,-0.07688012745380328,-0.06019313885675354,0.09934315037391526,-0.057050301905692394,-0.044544563820434965,-0.013631304380251109,0.040693019173632106,-0.01842449018907918,-0.006927837576852124,-0.03296556596483189,-0.01982068466976932,-0.04126637314685117,0.9841194403596703,0.08248620882578267,0.03425319883683545,0.04691417074152782,0.0013805320966334455,0.08417147444750232,-0.011608032296186687,-0.05932988799482287,0.007862715404196474,-0.019466801864225936,-0.0009714795836033179,0.10041901998959017,0.13097020074015828,0.1246276228108395,0.11479067744623678,0.06670422137982417,-0.14595389004179754,-0.15141284442809907,-0.11704935387637704,-0.14475789938151065,-0.05846886060735974,-0.08672455512515012,0.9619908669407322,0.20229841324943326,0.9274345173507638,0.056746672437439624,0.07266470544986518,0.09090805258363752,0.10759945338689564,0.15235628366768644,0.15569502229793716,0.16210552592537517,0.16442546799716967,-0.12383846547061939,0.12844488226507583,0.11667828500316688,0.0748248362597939,-0.007058273009574908,0.015547178914435212,0.024078594821045896,-0.1527354996582782,0.12141820870737423,0.1363689019904638,-0.11439800550513471,0.9154981903380764,-0.0261282221393766,-0.15657271150068922,0.16202525681455185,-0.03301113442318982,-0.05972350372415973,0.03093528370113745,0.07747786038668726,0.019815592118589118,0.027851563594130352,0.04277759046355015,0.07454471781864683,0.009640466113659991,0.011988304119918249,0.02493706917327831,0.042017922772595626,0.004223567572041301,0.05915893094015742,0.05136520033189,-0.0004739419632745484,0.9216354720020155,0.8947957675444813,0.14717742344024165,-0.07554682275783947,-0.025693064300149643,0.03063708320588758,-0.02503768374029907,0.20929773379138109,0.23255214837661253,0.33796907161043754,0.20367756920484648,0.9574841634554297,0.24173707949567208,0.9196774298722743,0.10723043996979646,0.9658644243401276,0.3223586223259806,0.9522528151114211,0.13537001874731416,0.9699845572359009,0.11766275454119558,0.9655426899326572,0.06229211413406503,0.9795031969609227,0.253443792385606,0.9022837873067189,0.15686265756572956,0.21384036031159515,0.12154067338480411
0.0011977925664803414,0.11429851923391919,-0.011467620302549535,0.01587922324661845,-0.05950465586809128,0.22515036861369497,0.02767858194508865,-0.22533873116130676,-0.10108253011175101,-0.14876238314723367,-0.10607703178447118,0.15250931829614425,1.0,0.3378174982670209,0.2556996687938664,-0.3740074417691242,0.22217822343040777,-0.20056034343686835,-0.20466784185693418,0.05285448444321025,0.3240833488460989,0.31279527414545394,0.3186429975410907,0.19659598442535897,0.07180730993543448,0.08587284336773168,0.15099587930065916,0.24079788587204484,0.0834810965625953,-0.31033357146473783,-0.2547121087978179,-0.24549294914909797,0.20939680161786695,-0.20001327475687602,0.28672101623361423,-0.09602899117836257,-0.06260145026534066,-0.28834520464909386,0.22577498180223354,-0.05387319370207934,0.051345527050112104,-0.009934852516092326,-0.03372254339430955,0.06810045299524264,0.09924020497426315,0.09660951960319267,0.1686877269126629,0.040466490443604425,-0.08310987217431161,-0.08382276514759715,0.07720168618450222,0.02658580119703508,0.06662566940100208,-0.05519258661183882,-0.03885958091161194,-0.004619551428496493,0.009747998512678487,0.20724504117554304,0.21248239000298685,0.22457633254604617,0.22744181546797862,-0.14073405820755663,0.1140934264590152,0.06613763036724736,0.06057789021304064,0.08816362144147781,0.1578339876651679,-0.04894098694633809,0.08039916296271983,0.04435070645784278,-0.03653010325470047,-0.018501947900353453,0.11375117254744284,0.14586610995157961,0.0503534867343007,0.029309430771000972,-0.30324462344476194,-0.0027337686156682327,-0.39529542527152406,-0.19499811740623696,0.3090152878704824,0.301339228372724,0.2974723690079071,0.22647565579423998,0.4182122857718617,0.4029870005136598,0.39501249972824176,0.21643947052740561,0.39210229603926927,-0.02056528382359578,0.20836968234655753,-0.02146752586945248,0.06733350788983726,0.044678801257316395,0.27050041101892475,-0.2200430648604911,0.10080511120089632,0.09003360871322026,-0.043068876429941685,-0.003274663096419259,0.2912575461979029,0.30395112673731783,0.22046309654342205,0.07733957622310088,0.05996492484050646,0.1299835441390193,-0.04689639559630928,0.0655617900594546,0.22796647377827728,0.08531413771689327,0.013167290997884995,0.11961819821268942,0.014548649124099686,0.12550404682878194,-0.06904039568636958,0.09480824966943077,0.2769290442508556,0.09029601775742903,0.022858337776348454,0.08629426291494144,-0.00018174296940548198
0.029295022449043372,-0.053239464916955664,0.17944523139705632,-0.34864409499503274,0.30569784201484645,0.3111559565352828,-0.1518811895667406,-0.27055656146391105,-0.3298343201372325,-0.29487662516203506,-0.2633166248806241,-0.03983941387859622,0.3378174982670209,1.0,0.5880626818623955,-0.03711945969072068,0.7528868628218175,-0.4073780174585781,-0.633008626891298,-0.09706760106693203,0.9793923612954919,0.8916011007722674,0.8449244515368085,0.5162994588137179,0.2216930388484168,0.41220412074755247,0.357001130202515,0.6262412342855094,-0.10125967884243822,-0.7583720098014923,-0.5570864725413821,-0.6706188683129574,0.6820774998677229,-0.614694005767964,0.6027164463545718,-0.054326166119365076,0.02694976387317184,-0.6087916429797026,0.7277760236163172,-0.5620015075746804,-0.23092698111314655,-0.540722068360229,-0.5649343994524404,0.08473757286194766,0.7194672196176761,0.7069182470260554,0.7005247718424176,0.6183370732388201,-0.15187552494068438,-0.06609062447642962,-0.07668365566074044,-0.46624517788921827,-0.01285967782148681,-0.174219026606462,-0.18771474296114124,-0.16769626445970284,-0.18137124828550577,0.08160457637204037,0.07730043700150176,0.09386217796848186,0.08492303400752055,0.004987569974148058,-0.09270715352771652,-0.15589721949195084,-0.08799571263112074,0.2863014008301835,0.34996426671963893,-0.09521644870214739,0.6191022019997336,-0.23261452859148654,-0.6163945837359246,0.4604334281444388,-0.10342872547744966,0.31703629836131075,0.5876985287103133,-0.3341492587001561,-0.21669778277974444,0.1806079103729401,-0.6973652363384225,-0.36968362546658184,0.7818838572935664,0.775243996616551,0.766775025395805,0.6087383124118957,0.8051629761232456,0.8471760508037997,0.8395533406418347,0.601606409007774,0.8487276618812831,-0.27238917260366874,0.3460671602468869,-0.053979203733822104,-0.049733170582263606,-0.02403873197358329,0.18706381161026972,-0.23075917356233608,0.23920945495971768,0.0026991638030387038,-0.041316682862272566,-0.018817471943651253,-0.037242107629105826,0.2122018301554006,-0.12440068396016904,-0.07092232392998037,-0.34483784156629677,-0.11973715340346198,-0.43867696335143747,-0.04971487266315725,-0.2757099742331464,-0.07606487782073018,-0.40074802398133424,-0.10103978775593203,-0.4197374224697175,-0.10218266511325654,-0.4547429579557046,-0.0626920017469786,-0.17954102114215997,-0.07535692623625255,-0.24457868240032332,-0.39740745155874346,-0.4731013265636365
0.01132435656776344,-0.012734866246293114,0.4161974436098522,-0.2408129886429262,0.14587574796299752,0.2537478339675716,-0.0015340971084626123,0.10483064285164134,0.2356421554632349,0.09094403783009637,-0.8336385828137596,-0.003689959369827042,0.2556996687938664,0.5880626818623955,1.0,0.06450809781344495,0.3141520699780095,-0.9024359252287598,-0.5568631890778359,-0.552375280747533,0.5383433890842636,0.3411326716694575,0.3029278070213816,0.2965106867256319,0.12207906105866737,0.0883330257549378,0.21247074801893492,0.26476932345037063,-0.05790395029438125,-0.5224834651927381,-0.43352532976512936,-0.5472340427813501,0.4191957097715198,-0.511972302588126,0.8706584380765842,0.01808575086353017,-0.09815632500529568,-0.3590781774748985,0.36865127629768685,-0.3822538444706964,0.042804277283907205,-0.31472390681717693,-0.3612715749064722,0.3449891505666836,0.5617128530962124,0.5499276880134721,0.5635561325646846,0.4707314547807921,0.12791834404893596,0.190912449669187,-0.05435152028039599,-0.3014902885400197,-0.0009305186087208448,0.04705976640717835,0.061193394536897955,0.09666675987967678,0.10521954826259074,0.12520943073226787,0.1256493992097762,0.13529600643814757,0.13064755366057054,-0.030369675030187938,0.0028957281125860236,0.0341254527042433,0.09267524308035512,0.46002077015732507,0.5762022362814272,0.1288785244599215,0.24908270026297333,-0.009298981946882562,-0.42728338958465495,0.29378646887287485,-0.0676092389995405,0.3852627542673726,0.2051430153401103,-0.2692191835720248,-0.35226089777953956,0.43206611936130834,-0.504915791979284,-0.2670806092238488,0.35316622971357425,0.3369187174939702,0.3245757016964242,0.21983967437113938,0.5383405065628083,0.5002832733931093,0.48321245635261495,0.21951838824081754,0.4998504106036424,-0.30108782805378936,0.2520358793360564,-0.17683519867524963,-0.03655314888845483,-0.022887545673686765,0.11982189189054292,-0.16512607262104337,-0.19501026064217578,-0.2981257293131736,-0.22545718983665897,0.01637620969593636,-0.038781814399566975,0.05728067517297141,-0.07365616350053279,-0.04521476895484025,-0.2570610401855331,-0.03755799323361568,-0.2541365519414098,-0.03630299673582988,-0.21236006321227238,-0.043433780094849196,-0.32533175222531757,-0.04784014509250771,-0.35692942372080966,-0.03334787403150154,-0.306785778946228,-0.03429373649903231,-0.1276764806279811,-0.03612379178313632,-0.17846919964069546,-0.28982974685531654,-0.3433077232188908
